user config:
seed 666
device 0
scaler StandardScaler()
day_slot 288
n_route 16
n_his 192
n_pred 192
n_train 34
n_val 5
n_test 5
mode 1
n_c 10
model STAGNN_stamp
TPG TPGNN
name lr1e-4_bs128_nh128_ra1e-3_dp0.1_wd1e-4_ah1_ck1_kt4
log_path log/TPGNN_r05p02kt3outer_218
crash 218
new_name TPGNN_r05p02kt3outer_218
batch_size 128
lr 0.0001
a 0.1
r 0.5
n_mask 1
adam {'use': True, 'weight_decay': 0.0001}
slr {'use': True, 'step_size': 400, 'gamma': 0.3}
resume False
start_epoch 0
epochs 100
n_layer 1
n_attr 64
n_hid 128
reg_A 0.001
circle 288
drop_prob 0.1
CE {'use': True, 'kernel_size': 1, 'bias': False}
LE {'use': False, 'bias': False}
SE {'use': True, 'separate': True, 'no': False}
TE {'use': True, 'no': True}
attn {'head': 1, 'd_k': 32, 'd_v': 32, 'drop_prob': 0.2}
STstamp {'use': True, 'kt': 3, 'temperature': 1.0}
T4N {'use': True, 'step': 2, 'end_epoch': 10000, 'change_head': True, 'change_enc': True}
stamp_path /mnt/webscistorage/cc7738/ws_joella/EnergyTSF/datasets/time_stamp_G.npy
data_path /mnt/webscistorage/cc7738/ws_joella/EnergyTSF/datasets/V_Germany_processed_0.csv
adj_matrix_path /mnt/webscistorage/cc7738/ws_joella/EnergyTSF/datasets/W_Germany_processed_0.csv
dis_mat tensor([[0.0000, 0.0000, 0.2042, 0.0000, 0.6202, 0.0000, 0.4301, 0.0000, 0.3966,
         0.0000, 0.6857, 0.0000, 0.0000, 0.8884, 0.6066, 0.0000],
        [0.0000, 0.0000, 0.0000, 0.5672, 0.0000, 0.2334, 0.2738, 0.0000, 0.0000,
         0.1845, 0.1771, 0.1314, 0.0000, 0.8980, 0.1631, 0.0000],
        [0.2042, 0.0000, 0.0000, 0.0000, 0.6086, 0.6316, 0.2838, 0.0000, 0.4829,
         0.0000, 0.3277, 0.0000, 0.4091, 0.0000, 0.0000, 0.0000],
        [0.0000, 0.5672, 0.0000, 0.0000, 0.0000, 0.1006, 0.2877, 0.0000, 0.7855,
         0.2950, 0.4298, 0.5851, 0.2562, 0.0000, 0.0000, 0.2667],
        [0.6202, 0.0000, 0.6086, 0.0000, 0.0000, 0.0000, 0.1988, 0.0000, 0.9613,
         0.1527, 0.2041, 0.0000, 0.0000, 0.2676, 0.0000, 0.9577],
        [0.0000, 0.2334, 0.6316, 0.1006, 0.0000, 0.0000, 0.0000, 0.1830, 0.0000,
         0.2442, 0.1023, 0.1810, 0.0000, 0.2137, 0.0000, 0.0000],
        [0.4301, 0.2738, 0.2838, 0.2877, 0.1988, 0.0000, 0.0000, 0.0000, 0.0000,
         0.0000, 0.2626, 0.0000, 0.0000, 0.2107, 0.0000, 0.4194],
        [0.0000, 0.0000, 0.0000, 0.0000, 0.0000, 0.1830, 0.0000, 0.0000, 0.0000,
         0.0000, 0.5290, 0.0000, 0.0000, 0.3316, 0.0000, 0.0000],
        [0.3966, 0.0000, 0.4829, 0.7855, 0.9613, 0.0000, 0.0000, 0.0000, 0.0000,
         0.1656, 0.6642, 0.0000, 0.0000, 0.4346, 0.0000, 0.0000],
        [0.0000, 0.1845, 0.0000, 0.2950, 0.1527, 0.2442, 0.0000, 0.0000, 0.1656,
         0.0000, 0.0000, 0.1307, 0.2392, 0.0000, 0.2636, 0.0000],
        [0.6857, 0.1771, 0.3277, 0.4298, 0.2041, 0.1023, 0.2626, 0.5290, 0.6642,
         0.0000, 0.0000, 0.1758, 0.3214, 0.1467, 0.1710, 0.5770],
        [0.0000, 0.1314, 0.0000, 0.5851, 0.0000, 0.1810, 0.0000, 0.0000, 0.0000,
         0.1307, 0.1758, 0.0000, 0.0000, 0.0000, 0.1895, 0.0000],
        [0.0000, 0.0000, 0.4091, 0.2562, 0.0000, 0.0000, 0.0000, 0.0000, 0.0000,
         0.2392, 0.3214, 0.0000, 0.0000, 0.3289, 0.6938, 0.0000],
        [0.8884, 0.8980, 0.0000, 0.0000, 0.2676, 0.2137, 0.2107, 0.3316, 0.4346,
         0.0000, 0.1467, 0.0000, 0.3289, 0.0000, 0.9657, 0.3097],
        [0.6066, 0.1631, 0.0000, 0.0000, 0.0000, 0.0000, 0.0000, 0.0000, 0.0000,
         0.2636, 0.1710, 0.1895, 0.6938, 0.9657, 0.0000, 0.7404],
        [0.0000, 0.0000, 0.0000, 0.2667, 0.9577, 0.0000, 0.4194, 0.0000, 0.0000,
         0.0000, 0.5770, 0.0000, 0.0000, 0.3097, 0.7404, 0.0000]],
       device='cuda:0')
prefix log/lr1e-4_bs128_nh128_ra1e-3_dp0.1_wd1e-4_ah1_ck1_kt4/
checkpoint_temp_path log/lr1e-4_bs128_nh128_ra1e-3_dp0.1_wd1e-4_ah1_ck1_kt4//temp.pth
checkpoint_best_path log/lr1e-4_bs128_nh128_ra1e-3_dp0.1_wd1e-4_ah1_ck1_kt4//best.pth
tensorboard_path log/lr1e-4_bs128_nh128_ra1e-3_dp0.1_wd1e-4_ah1_ck1_kt4/
record_path log/lr1e-4_bs128_nh128_ra1e-3_dp0.1_wd1e-4_ah1_ck1_kt4/record.txt
eps 0.1
parse <bound method DefaultConfig.parse of <config.DefaultConfig object at 0x7f7d21d45550>>
output <bound method DefaultConfig.output of <config.DefaultConfig object at 0x7f7d21d45550>>
train: True, day_slot: 288, n_his: 192, n_pred: 192, T4N_step: 2
n_day: 34, n_slot: 1, len(data): 9792
train: False, day_slot: 288, n_his: 192, n_pred: 192, T4N_step: 2
n_day: 5, n_slot: 1, len(data): 1440
train: False, day_slot: 288, n_his: 192, n_pred: 192, T4N_step: 2
n_day: 5, n_slot: 1, len(data): 1440
